0000 -> 1100 0000
0001 -> 0000 1101 1100 0001
0011 -> 1111 1101 0011 0001
0021 -> 0021 1111 1121 0011
0100 -> 2100 1101 0100 0001
0101 -> 0101 0011 0001 0100 2101 1111 1101 2100
0111 -> 0111 0021 0011 0101 2111 1121 2101 1111
0121 -> 0121 0021+0021 0111 2121 2111 1121+1121
1100 -> 0100 2100 1101 0001
1101 -> 0101 0011 0001 0100 2101 1111 1101 2100
1111 -> 0111 0021 0011 0101 2111 1121 2101 1111
1121 -> 0121 0021+0021 0111 2121 2111 1121+1121
2100 -> 2100 1101
2101 -> 2101 2100 1111 1101
2111 -> 2111 1121 2101 1111
2121 -> 2121 1121 2111 1121

All states(16):
0000 0001 0011 0021
0100 0101 0111 0121
1100 1101 1111 1121
2100 2101 2111 2121